SVM: 0.7
(0.984641638225256, 0.9863481228668942, 0.9829931972789115, 0.9846678023850085)
SVM: 0.3
(0.9795471146822499, 0.9694868238557559, 0.9914893617021276, 0.9803646563814866)
SVM: 0.1
(0.9392045454545455, 0.9244249726177437, 0.9569160997732427, 0.9403899721448468)
SVM: 0.01
(0.512396694214876, 0.5111341273951321, 1.0, 0.676490747087046)
SVM: 0.05
(0.8751345532831001, 0.8150134048257373, 0.9733191035218783, 0.88715953307393)
SVM: 0.5
(0.9877175025588536, 0.9875666074600356, 0.9910873440285205, 0.9893238434163701)

SVM: 0.5
(0.9877175025588536, 0.9875666074600356, 0.9910873440285205, 0.9893238434163701)
SVM: 0.5
(0.9877175025588536, 0.9875666074600356, 0.9910873440285205, 0.9893238434163701)
SVM: 0.5
(0.9877175025588536, 0.9841269841269841, 0.9946524064171123, 0.9893617021276594)
SVM: 0.5
(0.9877175025588536, 0.9841269841269841, 0.9946524064171123, 0.9893617021276594)
SVM: 0.5
(0.9877175025588536, 0.9841269841269841, 0.9946524064171123, 0.9893617021276594)
SVM: 0.5
(0.9877175025588536, 0.9841269841269841, 0.9946524064171123, 0.9893617021276594)
SVM: 0.5
(0.9877175025588536, 0.9841269841269841, 0.9946524064171123, 0.9893617021276594)
SVM: 0.5
(0.9877175025588536, 0.9841269841269841, 0.9946524064171123, 0.9893617021276594)
SVM: 0.5
(0.9808988764044944, 0.9854014598540146, 0.9792746113989638, 0.9823284823284824)
SVM: 0.5
(0.9808988764044944, 0.9854014598540146, 0.9792746113989638, 0.9823284823284824)
SVM: 0.5
(0.9877300613496932, 0.9841549295774648, 0.994661921708185, 0.9893805309734514)
SVM: 0.5
(0.7433537832310838, 0.9533527696793003, 0.5818505338078291, 0.7226519337016574)
SVM: 0.5
(0.7433537832310838, 0.9533527696793003, 0.5818505338078291, 0.7226519337016574)
