accuracy, precision, recall, F-value:
SVM: 0.5
(0.745398773006135, 0.9536231884057971, 0.5854092526690391, 0.725468577728776)
SVM: 0.7
(0.8432708688245315, 0.8607142857142858, 0.8197278911564626, 0.8397212543554007)
SVM: 0.7 without FrameNet attributes 3
(0.8432708688245315, 0.8659420289855072, 0.8129251700680272, 0.8385964912280701)
SVM: 0.9 without
(0.8214285714285714, 0.9607843137254902, 0.7596899224806202, 0.8484848484848484)
SVM: 0.9
(0.826530612244898, 0.9357798165137615, 0.7906976744186046, 0.8571428571428571)
SVM: 0.9 with all frames
(0.8214285714285714, 0.9607843137254902, 0.7596899224806202, 0.8484848484848484)
SVM: 0.9 with no more than 3 frames
(0.8367346938775511, 0.9369369369369369, 0.8062015503875969, 0.8666666666666667)
SVM: 0.7
(0.8500851788756388, 0.8626760563380281, 0.8333333333333334, 0.8477508650519031)
SVM: 0.7 random
(0.8415672913117547, 0.8370607028753994, 0.8618421052631579, 0.8492706645056726)
SVM: 0.7 random
(0.8262350936967632, 0.804953560371517, 0.8695652173913043, 0.8360128617363344)
SVM: 0.7
(0.8211243611584327, 0.7897897897897898, 0.8825503355704698, 0.8335974643423136)
SVM: 0.7
(0.8262350936967632, 0.7831325301204819, 0.896551724137931, 0.8360128617363344)
SVM: 0.7
(0.8023850085178875, 0.8166089965397924, 0.7892976588628763, 0.8027210884353742)
SVM: 0.7
(0.8296422487223168, 0.8167701863354038, 0.8651315789473685, 0.8402555910543132)
SVM: 0.7
(0.8109028960817717, 0.815625, 0.8338658146964856, 0.8246445497630333)
SVM: 0.5
(0.8169734151329243, 0.7894736842105263, 0.8840864440078585, 0.8341056533827618)
SVM: 0.5
(0.8057259713701431, 0.7880539499036608, 0.83640081799591, 0.8115079365079365)
SVM: 0.7 with frames attr 4
(0.838160136286201, 0.8148148148148148, 0.882943143812709, 0.8475120385232744)
SVM: 0.7
(0.838160136286201, 0.8141891891891891, 0.8576512455516014, 0.8353552859618718)
SVM: 0.7 with 8 frame attr
(0.8194207836456558, 0.8138138138138138, 0.8603174603174604, 0.8364197530864197)
