1,14,7
7,7,14,14,9,4
1,14,9,7
7,14,9
7,1,14
7,7,7,14,14,9
14,9,7
7,14,9,0,1
7,14,9
7,14,17,1
7,14,9
7,7,14,14,9,0,1
3,1,14,7
14,9,7
3,14,1,14,9,7
4,14,7,9,7,14,4,9,1,0,1,0
7,14,1
3,0,7
3,0,7
7,7,14,14,0,9,3
14,9,7,17,1
14,9,7
14,7,10
7
14,7
7,14,9
3,7,7,7,7,1,14,14,14,1,14,14,7,7,0,0,9
3,14,7,7,14,7,0,1,14
1,14,7,9,11
14,9,7
7,4,14,9
14,1,7
14,7,9
10,14,7,3,1,14,7,7,9,9
3,14,7,1
14,7,1,14,7,14,7,0,9
14,14,9,7,7,1
14,7,9,1
3,7,7,1,14,7,14,14,9,7,1,0,9,1,7,0,17,9
3,7,9,14,0
7,9,14,1
7,0,9
14,14,9,7,7
7,3,0,9,14
3,10,7,3,7,7,9,14,17,1,14,0
3,7,14,9,7
7,7,14,7
3,0,7
14,1,7
1,14,7
4,14,9,7
14,1,7
7,14,9,11,1
3,3,7,7,14,1,14,10,9
14,7,3,0
3,7,0,14,7
4,14,1,7
14,9,7,3,1
7,10,0,14
14,7
7,14,1,17,15,0
7,14,1
14,7,9
1,14,7,11
7,14,9
7,9,1,14
7
7,14,17,7,14,1
7,7,14,9,14,17,0,0,1,15
7,14,1,9
7,9
3,14,0,9,7
14,7
3,0,7
3,0,7,10
9,7,7,14,9,4,14,17,0
3,0,7
7,7,3,7,7,7,7,14,7,14,14,14,14,1,14,14,9,9,7,9,0,1
7,10,0
7,4,14,7,14,9
3,0,7,9,14
14,7,1,9
14,1,1,14,7,7
14,7,1
14,7
3,19,7,14,10
7,14,7
7,7,3,19,3,1,14,1,14,0,7,7,9,0
3,0,7
7,1,14
7,14,10,9
7,19,14,9
14,7
1,7,14,14,14,7,7,1,0,3,9,9
1,14,7,7,14,0,0,9
7
7,14,0
14,7,3,0
7,17,14,9
3,0,7
7,14,0
7,14
14,13,7,9
14,1,14,7,7,0,1,9,17
14,7,10
14,9,7,1
3,7,4,14,7,13,1
14,7
7,14
7,3,7,11,11
7,14,7,14,14,9
3,14,7,14,14,1,1,14,14,4,7,7,4,14,14,9,7,1,9,7,7,1
7,1,14
7
7,1,14,3,10
7
14,9,7
7
7,14
7,10,3,19
7,7,14,9,11
1,14,7,0,9
14,7
7,7
7,4,14
3,7,1,14
3,19,7,14,10
3,0,9,7,11
14,7,3,0,9
9,14,14,14,14,7,7,7,9,7,1,9
7,14,9,1,11
7,14,9,11,1
7,14
7,7,1,14,7,14,11,14,7,0,10,1,1,14,9

3,1,14,7
3,0,9,7,4
14,7
3,7,14
3,7,14,7,7,14,11
3,0,7
14,7,9,1
7,14,10
3,14,1,14,7,1,0
14,7,14,7,1
14,7,1,9
14,7
14,7,9
14,7,9
14,7,9
7,7,3,1,14,7
3,3,1,14,0,7
3,1,14,7
3,0,7
3,14,7,9
7,14,3,0,7
7,14
14,7,9
7,9
9
14,7,14,7,9
7,1,14
14,9,7
7,14,9,1
3,7
7
14,9,3,0,7
7,1,14,9,10
3,0,7,10
7,7,19,0,9,14,11
14,9,7,1
3,0,7
7
3,0,7
14,1,14,7,9,7,1
3,1,14,7
3,7,19,0
3,1,14,7
14,7,14,7,0,9
14,9,7
7,14,0,9,19
14,7
7
7,7,7,14,1,14,9
7
7,14,0
7,14,9
7,7,14,1
7,0,14,10
3,0,9,7,10
7,14,7,14,9,2,10
7,9,14
7,7,14,1,14,1,9,9
3,3,3,7,7,1,14,7,19,11,9
14,7,9
7,14,19,11,9
17,7,14
7,14,0
7,9,11
14,7,4
7,10,14,1,9,0
7,14
3,7,14,1
3,0
7,9,14,11
7
3,7,1,14
3,0
3,7,19,14
7,1,14,7,11,9
14,7,10,3
14,9,7
7
7,14,9
14,1,7
4,7,7,7,14,14,14,1,1,0,1,9
7,19,7,1,14,9,3,17
7,7,11,14,9,12,9
7,14,10
14,1,7,11
7,1,14,14,14,7,9,17,7
14,7,7,4,9,14
14,7,17,9
7,14,9
7,14
7,7,14,0
7,7,1,14,7
7,0,1,14
9,7,14,1,17,15,0
7,14,9
7,7,7,14,9,14
7,14,7,9
1,14,7,0
7,1,14,0
3,7,1,17,14,7,7,7,14,14,1,0,14
9,7,14
7,14,0
7,14,7
3,7,7
7,14,11,9
19,7,7,1,7,14,14,11,7,3,1,14,17,11,11,9
7,7,1,14,7,17,14,14,0,9,0,1,19,9
7,14,9
14,1,14,7,9
7,7,7,7,7,7,14,14,14,14,14,9,0,1,9,1,1
7,14,1,9
14,7
7,7,14,1,0,0,14,9,1
7,1,14,7,6,1,14,9
3,7
7,1,14,7,14,19,11
9,1,14,7
7,14,0,1
7,14,14,7,1,9
3,1,1,14,14,7,7,14,7,9,9,1
3,9,7
3,14,7,1,14,14,7,7,3,0
3,1,14,7
14,7,11
7,7,14,14,7,9
7,7,14,7,14,14,14,14,9,9,1,1,9,19,1
14,7
7,14,9,11
7
14,7,7,14,9
7,14,9,1,11,19
7,14
1,14,7,11,0
3,1,14,7
5,14,7
7,14,7,14,9,1
9,7,19,14,11,1
1,14,7
14,7
7,14,1
7,14,1,9
3,7,0,14,14,7,17
7,14,9,1,10
7,14,0,19
7,14,9
7,7,14,14,7,9,1
1,14,7,19,11,9
7,14
7,14,0
7,11,9
7,1,14,7,14,9,0,0
1,7,7,14,14,14,9,7,0,1,11,19
7,14,9,0
9,1,14,7,7,14,9,1
7
7,11,9
7,11
14,9,7,0,1
7,14,9
3,7,14
7,11,14,9,0
7,14
7,3,14,7,9,1,14,7,9
3,7,7,7,7,7,7,7,7,7,1,14,7
7,7,14,9,0
14,7,9
3,0,7
3,14,7,14
7,14,7,14,14,7,14,0,9,1,9,7,9,1,0
7
14,7,9
7,3,14,7,7,9
14,9,7
14,1,7
14,7,1
7,7,1,14,1,14,17
14,7
1,14,9,7,0
1,7,14,14,14,7,7,9
7,14,0
14,7
1,14,7
7,14,7
7,14,14,7
7
7,14,9,19,0,11,1
7
14,7,0,9
7,3,14,1,14,7,9,9,7
7,7,7,14,9
3,0,7
7,14,9,17
3,1,14,7
7,0,14,9,17,1
3,14,1,14,7,9,0
14,7,14,7,9
1,14,7,0,9,17
7,9,17,14,0
14,9,7,10,1,0,3
14,7,1,17,9
1,14,7,9,0
9,7,0,1,14,11,19
3,1,14,7
7,10,0,14,9
7,7,10,14,9,14
14,7,14,14,7,9,7,10,0,1
7,1,14,7,10,9
1,14,7,9,11
3,3,7,19,7,14,9,14,10,1
7,1,14,0,11
1,14,7,11,19,9
7,14,1,9
14,9,7,1
3,4,1,14,14,1,7,7
7,14,0,11,1
3,7,1,14,0,0,7,9
7,7,14,14,10,9,7,9,14
3,14,7,14,1,14,7,7,14,14,7,9,9,9,1,0
3,0,7,14
7,3,14,0,7,7
14,7,9,10,0
14,7,9,3,0
3,14,1,14,7,7
3,3,0,0,19,7
3,0,7
3,3,7,7,14,14,1,0,14,1,14,14,7,14,1,1,17,9
3,7,14,1,14,7,7,14,9,1,4
7,10,0
7,10
3,7,14
7,14,7,9
14,7
14,7,4
14,9,7
3,7,7,1,14,7,7,14,1,14,7,14,0,14,9,0,1,9,0
7,7,11,3,0,9,10,4,14
3,7,7,7,14,14,0,14,9,4,9,0,1
14,9,7,3,10,0
3,0,19,7,10,9,14
3,7,0,1,14,7
7,3,14,14,7,1,14,7,4,0,7
7,14,1,9
7,7,0,9,1,14
3,14,0,7
7,3,0,19,9,14
3,0,7
19,7,0,10,14,1,9
7,14,17,7,9,9,10
3,7,19,0
4,7,7,14,14,0,9,9,1
7,14,9,2
9,17,7,17,7,14,14,1
3,0
7,14,0
7,7,7,14,14,0,1,9,14,10,1
14,7
3,9,14,7,1,0
7,9,14
3,0,7
7,3,0,14,7
7,14,14,7,7,9,9,17,0,10,3,9,1,0
7,14,1
3,0
7,14,9
14,7
4,4,9,7,7,7,14,7,14,14,14,1,14,9,7,0
7,3,0,9,7
7,14
3,0,7
7,7,14,14,9,19
3,0,7
7,7,14,9,14
7,14
7,1,14,19
3,0,7
14,14,7,7
7,7,1,14,14,0
7,14,9,0
7,1,14
14,9,7
3,9,1,14,7,7,14,0
14,7
9,7,14,1
7,7,14,0
7,14,10,7,14,1,9
7,14
14,7,10
7,7,7,14,11,14,9,1
7,14
3,14,0,7,9,9,7
7
7,14
3,14,7,7,0
9,7,14
7,14,1
14,1,7,3,0
7,7,14,14,1,0,9
14,9,7,11,10,3,0
7,10
14,9,7
3,7,0
7,14,0,1,9
7,7,14,14,7,9,9
7,3,14,0,9,7,9
3,7,14,0,7,9,7,9
7,14
14,14,7,7,14,7
7,0,14,9,3,1,10
7,19,14,9,1,0
9,7,14
1,14,14,7,7,9,0,1,9
7,14,0,9
7,14,14,9,7,7,9,2,11
14,7
3,7,1,14,7,7,14,9,1
3,7,7,14,1,9
7,14
7
7,7,1,14,14,0,11,0
7,7,14,0,9
7,14,14,0
7,14
7
3,7
7,7,14,1,14,9,7,1,9
3,1,14,1,14,7,7,14,7,9,0,0,9
1,14,7,11,0
7,7,7,7,14,14,1,14,9,9,9,9,14,1
7,1,14,14,7,0,9
1,14,7,11,19,9
7,7,14,14,9
3,1,14,7
7,14,9,0
7,14,0,9,1
14,7
7,14
3,7,7
14,7
7,14,7
14,7,9
7
13,7,14
7,14
19,7,14,7
3,7,0,14,1,9
7,4,14,9
7,14,9
3,1,14,7
7
7,14,1,9,0,17
3,0,7
3,0,7
0,9,14,7
3,7,7,14,9,14,1,7,7,17,9,14,0,17
3,7,0,7,4,14,9
4,14,7,9,17
7,14,14,9
7,3,1,14,7,0
1,14,7,0,9
7,7,14,1,9
7,14,9
7,7,14
10,7,3,7,14,0,3,14,7,14,1,9,7,9,7,3,9
14,1,9,7
3,7,1,14
7
14,7,9
3,1,14,7
7,14,10
1,14,7,17,9
3,0,9,7
7
14
7,7,14,14
7,9,7,7,7,14,7,14,14,1,9,17,14,14,9,1,9
9,7,14,1
14,7,9
7,7,7,14,14,0,0,9,14,1,0,9
7,10,9,0
7,7,7,7,14,14,9,0,14,0,9,14,1
14,7
15,0,7
7,0,9
7,14
14,14,7,17,7,9,9,0
14,7,14,7,7,7,4,14,14,7,14,7,14,9,9,9,1,9,1
3,0
3,7,14
3,1,14,7
7,14,0
7,14,0
14,7,7,14,4,4
3,7,1,14,9
3,7,7,7,9,14,19,0,14,14,7,7,14,7,14,9,9
3,1,14,7
3,1,14,7,0
7,14,0
3,0,7
7,14,9
14,7,7,14,9,0
14,7,9,0,1,10
7,3,7,9,7,7,7,14,14,14,0,0,9
17,7,14
7,7,11,14,14
3,14,7,9,7,1,14
7,19,10,3,1,14
3,9,7
3,3,0,7,0,1,14,14,7,7,14,7,14,9,9,9
7,14,0
7,7,14,7,7,14,7,14,14,1,14,0,1,0,9,1,9
7,14
7,0
7,14,9
9,1,14,7
7,14,1,3,0,9,17
7,7,14,14,0,10
7,9,14
7,14
3,7
7,7,14,0,9
9,7,14,1
7,7,7,14,14,1,17,1,14,1
14,3,7
7,7,14,14
9,7,14
14,7,9
7,19,10,3,1,14
14,14,7,7,0,9,9
7,7,9,14,10,0
3,3,7,7,7,7,14,0,0,7,9,0,9,9,14,14,0,17
14,7
7,14,0
3,7,14,9,1
7,14,9
7,1,14,14,7,7,9,10,10,0,9,0
7,10,14,0,9
3,7,10,7,14,0
7,7,19,14,14,1,0
7,14,0
14,14,7,7
4,7,14,1,9,10
7,14,9,7,17,14
7,14,11,1
3,7,1,14,7,9
3,1,14,7
14,7,9
14,9,7
7,7,14,14,7,0,14
9,7,14
1,4,14,14,7

3,7,9,14,7,0
7,14
7,3,3,7,7,7,14
14,7,9
7,14,0
7,14,8,19,9
7
7,14,0
7,14
1,14,7,17,9
7,7,7,7,14,7,7,14,14,14,14,15,0,0,14,13,1,17,7,19,9,14,9,1,9,0
7,7,14,0,1,7,14,9,1,14,0,11,9
7,14,9,0,1,10
7,7,14,14,0,9,9,7
7,14,1,9
7,14
7,1,14
7,3,0,7,14,9
14,7,9,7,14,9,4,3,1
7,9
7,9,14,0
7,3,7,9,0,1,7,14,14,7,17
7,7,14,14,9
7,3,3,0,14,7,1,14,14,7,9,9
3,1,14,14,0,1,14,7,7,7,9,1
3,7,14,1,14,7,10,9
14,7,9,17
7,14,1
7,1,14
3,14,0,9,7,7,1
7,14,7,19,1,10,3,1,14,9
14,7,1
3,7,9,19,1,14,0
7,1,14,14,7
7
7,17,14,9,0
4,14,9,7
4,14,7,9
7,7,7,14,14,0,7,9
7,14,0,1
3,0,7
7,14,7,7,7,14,14,1,7,14,1,14,0,9,9,9
3,0,7
3,1,14
7,14,0,9
3,0,7
7,3,0,7
7
7,14,9,10,4,0
7,7,14
3,7,14,9,19,0,4
7,7,14,14,0,9,1
3,1,14,7
3,1,14,7
3,14,7,14,14,1,1,14,14,4,7,7,4,14,14,9,7,1,9,7,7,1
7,10,0
7,7,14,14,9
7,14
3,7,7,7,14,1,14,14,14,7,7,7,14,9,1,14,9,0,9,0,0,17
7,14,7,14,1,0,9
3,7,1,14,14,14,9,9,7,7,9,14,9,7,7,0,17,14,1,0
7,7,19,10,3,1,14
1,14,7,9
7,14,0,9
7,7,7,14,1,14,14,1,9,0,11,1
14,14,0,7,7,9
7,14,9,10
7,14,0,9
7,14,7,0,14,9
3,7,7,7,14,14,0,9
7,19,10,3,1,14
7,14
7,7,14,1,14,1,9,9
3,1,14,7,7,14,7,17,14,13,1,0,9,9
9,7,14,0
3,14,7,14,7,14,9,0,1
3,14,7,10,0,9
7,14,9
14,9,7
3,0,7
7,7,12,0,14,0,1
7,1,14,1,14,14,7,7,9,9
9,7,3,14,0
14,7
3,7,7,14
3,7,1,14
14,7
14,7,9
1,14,14,7,7,0,9
14,7
1,14,7,12,9
3,7,10,14,0,9
14,7,9
7
7,0
7
14,7,14,7
14,7
7,14,1,9
3,7,14,1,7,10,0,9
3,0,7,4,14,9
14,7,9
14,9,7
14,7,7,9,14,3,0
1,1,14,14,7,7,10
3,1,14,7
3,3,7,1,17,14,7,7,14,9
7,14
7,14,0,1
7,14,1,9,0,3

7,3,7,7,7,7,7,7,1,14,14,14,14,14,14,7,14,9,9
7,7,14,7,0,1,14,14,9,1,7
17,7,14
7,10,0
3,0
1,9,14,10,1,14,14,7,7,9,7,13,0,9,3
7,7,17,7,14,9
7
7
7
7,14
3,0
7,7
7,1,14
7
7,14,1,9
7,9
3,1,14,7
7
7
7
7,1,14,9
7,14
7
3,7,1,14
3,7,7
7,14,7
7,7,14,14,9
7
7,14,1,0,9
7
3,7
19,1,14,7
7,14,1,0,10,9
7
3,7,7,14,10,14
7,1,14
7,14,19,1,9
7,14
3,7,0
3,1,14,7
7
3,0
7
7,14,0
7,14,1,9
3,0
3,7,1,14,14,9,1
7,14
7,9,1,14,0
7,9
14,7,9
3,7,0
1,14,7
3,7,1,14
7
7
7,11,1,14
3,0
14,7,9
14,7,9
14,7,1,9
7,14
7,14,9
7,14
7,14
3,3,0,9
7,7,14,9
7,14
3,1,14,7
7
7
7,1,14,0
3,7
7,14,3
14,7
7,14
7
14,7,9
7
7
7,14
3,3,17,7,14,7,7,9
7,1,14,7,9
3,0
3,1,14,0,7
7
3,0
7,9
7
3,9,7
7,7,14,14,9,0
7
14,7
14,7
14,7,14,7,14,7,9,9,9
7,14,7
7,14,9
14,7,9
1,14,0
7,14,1,0,9
7,9,14
5,7,0,14
14,7,9
7,14,9
7,14
7,14,1
7,14,1
7
14,7,9,11
3,7,1,14
7,1,14
7,14
7,14,0
3,1,7,14,17,7,1,14,7,0
7,14,1,9
3,1,14,7,9
7
14,9,7,1,0
7
1,14,7,9
1,14,7
7
14,1,0
7,14
1,14,7,9
7,0,1,14,7,14,9
7,14,1,9

7,1,14,9,0
3,7,1,14,9
3,1,14,7,0
1,14,7,9
7
7
7,9
7,14
17,7,14,0
1,14,9,7,0
7,14
7
7,14
14,7
14,7,9,1
7,1,14,9,0
7,13,9,3,0,14,1
14,7,9
7
7
3,4,14,7,9,1,0
7,14
7,14
7,1,14,9,0
7,14
7,1,14
1,14,7,3
7,14
3,7,7,9,9,14,0
7,9,7,9,14
7,7,14,1
3,7
14,9,7
7,14
3,0
9,7,14
3,7
14,7,1
14,1,14,7,7,9,1,9
14,7
3,7,0
7
7,0,9
14,7,9
7,14,1,9
7,1,14,9
7,14
7
14,7,1,9
14,9,7
7,9
13,1,14,9
7
7,17,7,9
3,1,14,7
14,7,9
14,9,7
14,7,9,11
7,9,7,14,1
7,7,14,7,4
7,1,14,9
14,7,9
3,17,7,14
7
3,0
7,14,0,1
7,14,0
7,7,14,14,9
1,14,7
3,9,7
7,11
7,0,9
14,9,7
7

7
7
7,0
7
14,9,7
14,7,9
14,7,9
14,7,9
7
14,7
3,7,7,7,14,1,14,9,0,7,1,10
7,14,9,1,0,10,19
7,14,7,14,3,4,0,9,1
14,7,9
14,7,9
14,7,9
17,7,14,9
14
3,14,7,7
14,7,9
14,7,9
3,7,0,7,14,14,17,11,15,9
14,7,9
14,7,9
14,9,7
14,7,9
14,7,9
14,7,9
14,7,9
14,7,9
14,7,9
7,14,19,9,0,1
14,7,9
14,7,9
14,7,9
14,7,9
14,7,9
14,7,9
14,7,9
14,7,9
14,7,9
7,7,7,7,14,14,9
7,14
7,13,9,14,1
14,7,9
14,7,9
14,7,7,14,1
14,7,9
14,9,7
19,1,14,7,0,9
14,7
14,7
14,7,0,9
14,7,9
14,7,9
7,14,9
14,7,9
14,7,9
14,7,9
3,9,7
7,10,14,9,11
7,14,7,9
3,9,7,14,1
14,7,9
14,7,9
10,7,14,9,0
3,9,7,14
14,7,9
14,7,9
3,9,7,14
14,7,9
3,7,14
14,7,9
3,7,14
3,9,7,14
3,7,3,7,7,7,7,14,14,1,0,9,9,1,14
14,7,9
14,7,9
14,7,9,10,0
3,14,7,10,9
14,7,9
3,9,7,1,14
14
14,7,9
7,14
14,7,9
14,9,7
7,14
14,7,9
14,7,9
14,7,9
14,7,9
9,7,14
14,7,9
14,7,9
14,7,9
14,7,9
14,7,9
14,7,9
3,7,10
14,7,9
14,7,1
14,7,9
3,9,7
7,9,10,0,14,1,19,11
14,7,9
14,7,9
14,14,7,7
7,14,9
14,7,9
14,7,9
4,9,7,14
7,14,7,14,7,0,0,10,9
7,14,7,14,19,14,14,7,0,7,1,0,9,9,17,1
7,14,9
14,7,9
14,7,9
14,7,9
14,7,9
3,7,14,1,14,9,7,7
14,7,9
14,7,9
14,7,9
14,7,9
3,7,10
14,7,9
14,7,9
14,7,9
14,7,9
14,7,9
13,9,7,14
14,7,9
14,7,9
14,7,9
14,7,9
14,7,9
14,7,9
14,7,9
14,7,9
14,7,9
14,7,9
3,7,7,1,14,10,9,0,14
14,7,9
14,7,9
7,0,4,14,9
14,7,9
14,7,9
14,9,7,3,10,1
14,14,7,7,9
14,7,9
14,7,1
14,7,9
14,7,9
14,7,9
14,7,9
14,7,9
14,7,9
14,7,9
14,7,9
14,7,9
14,7,9
14,9,7,19
7,14,9,13,1
14,7,9
14,7,9
7,14,0,9
14,7,9
14,7,9
14,7,9
7,14,1
3,7,9,17,1,14,0
4,7,1,14,9
14,7,10,0,9
14,7,9,1,0
14,7,9
14,7,9
3,14,7,14,14,1,1,14,14,4,7,7,4,14,14,9,7,0,7,7,9,1
14
7,7,14,14,1,14,7,7,1,9
7,14,9,17,1,4
7,7,14,1,14,9,0
7,14
14,7,9
14,7,9
7,1,14,9,0,11
14,7,9
14,7
14,7,9
14,7,9
3,7,1,14,14,14,7,7,9
14,7,9
7,14
7,14,9
14,7
3,9,7
14,7,9
14
7,14,14,14,7,7,9,9
7,7,14,7,9,14,10,0,9
14,7
14,7,9
14,7,9
14,9,7,0
7,14,9,4,1
7,3,14,7,7,1,9
9,7,1,14
14,7,9
7,9,14
7,7,7,7,14,14
14,9,7
4,14,1,7,9
7,7,4,14
14,7,1,9
7
3,7
7,14
14,7,7,14,1,14,7,14,19,7,17
7,1,14
7,9,7,7,14,17,14,14,9,9
3,7,1,14
3,7,1,14
14,7,9,0,10
14,7,0
7
3,0
7,14,9
7
14,7,9
7
7,4,14,9,1
7,4,14,9,1
7,4,14,9
3,9,7
7
7,7,7,7,7,14,14,1,14,14,1,14,0,0,9,0,1,9,0
17,7,15,0,14,1,9
3,0
7,14,9
7,1,14,9
7,7,7,1,14,9,14,10
7
4,7,14,9,1
7,14,1,14,7,0,11
14,7
14,1,7,11
7,3,9,7
7,14,9
14,7
7
7,7,14,7,14,7,14,10,9,0,9,9,9,1,14,1
3,3,7,1,14,7,7,14,9,14,13,0,1
7,14,9
7,10,9
14,7,9
14,7,9
7,1,14,0
14,7,9
7,14,9,1
3,14
7,14,1,0
3,7,7,0,17,14,1,9
14,7,7,14,7,14,10,3,0
14,7,9
14,7,9
1,14,7,17,9,10,0
7,17,14,9
7,14,0,9
14,7,7,14,14,7,9,1,0,10,9
14,7,1
7,9
14,7,9
14,7,9
14,7,9
7,14
7,7,14
14,7,9
14,7,9
7,14,7,14,10,0,9,9
14,7,9
14,7,9
14,7
14,7,9
7,7,7,7,7,7,1,1,14,14,14,14,14,9,9
7
7,7,7,14,1,14,14,15,0,0,9
7,14,9
14,7,9
7,14,9,1,18,17
7,14,1,9
14,7,9
7,14,9
7,14,1
14,7
14,7,9
14,7,9
14,9,7
7,10,10,7,14,14,1,7,9,17,1,0
14,7
14,7,9
7,7,14,14,9
14,7,9
14,7,9
7
7,9,14,1
1,14,7,0
7,14,7,9
7,3,7,14,9
3,14,7,7,14,1,14,14,14,7,7,1,7,14,9,17
14,7,9
7,7,14,14,9
14,7
7
7,14
3,9,7,12,1,14
14,7,9
3,17,7,14,9
7,14
7
3,9,7,12,1,14

7
14,7,9
7,14,1,13,0,9
7,9,14
3,7,1,14,9,17,0
7,7,7,1,14,14,9,0,14,0,9,1,1
14,7,9
14,7,9
3,19,1,14,7
7,7,7,3,3,7,7,7,7,13,14,1,9,14,1,9,11,9,1,14
7,14
3,3,7,7,0,1,14
7,7,14,1,14,14,7,7,14,0,7,14,8,19,9,1,0,0,9
7
7,14
7
14,1,7
7
7,14,7,9
1,14,7,9
7,1,14,9
14,7,9,10
3,7,17,7,7,14,7,14,14,14,19,1,9,11,4,9
3,1,14,7
14,9,7
7,14,9,0,1
14,7,1,10
14,7
14,7
14,7,9
7,14,9
14,14,7,7,9
14,7,9
14,7,9
3,7,17,7,7,14,7,14,14,1,14,19,1,9,11,4,9
7,14,9,7,14
14,7
14,9,7
7
7,14
7,14,14,7,7,14,14,7,7,9,19,0,14,1,3,1
14,7,9
7,9
14,7
3,7
7,9
7,7,7,14,14,9,9
7,14,0
7,7,7,14,14,9,0,9
7,9
7,7,7,14,14,9,9
7
7,7,7,14,14,9,9
7,7,7,14,14,9,14,9
7
7,14,1,9
7,7,14,14,0,9
7,14,0
7,7,7,14,14,9,9
7,1,7,9,14,7,14,7,9,14,9
7,7,9,14
14,7,9,0
3,7,1,14
7
7,1,14
14,7,9
14,7,9,10,0
14,7,19,9
7,7,7,14,14,9,9
7,14,9
7,7,7,14,14,9,9
14,7,9
7,14,9,17,0
7,9,14
14,1,7,7,9,17,14
7,1,14
14,7
14,7,1
7,14,9,11
14,7
7,7,7,14,14,14,0,9,9
7,7,7,1,14,14,14,14,7,9,9
7,14,9
3,0,7,14
7,14,9,1,0
7,0,17,14
7,14,0
7,7
7
7
3,17,7
14,9,7,1
7,7,1,1,14,14,14,14,7,7,9,9
7,14,9
17,7,14,9
14,7
7
7,7,1,1,14,14,14,14,7,7,9,9
7,7,7,7,14,14,14,9,9
14,7,1,10
14,9,7
7,7,14,0,7,14,14,0
3,7,7,9,14,7,1,14,1,11,9
7,14,9,1
7,14,7,10
7,14
7,7,7,14
7,9,14
7,7,7,1,14,14,14,14,7,9,9
7,7,3,1,14,14,1,14,14,7,7,9,9
7
7,7,7,14,14,14,9,0,9
3,7,14,9
14,0,7,1,9
7,14
7,11
3,19,1,14,7,9
7,14,9
17,7,1,14,9
7,14,17,1
7
14,7
7,14,9
7,14,0,10,1
7
3,3,7,7,1,14,7,14,7,14,7,14,14,0,10,9,4
14,7,9
7,9,14,1,0
14,7
7,7,7,7,7,7,7,9,9,14,14
7,14
7,9,14,1
7,14,0
14,7,9
14,7,0
7,7,7,1,14,14,14,14,7,9,9
7,7,7,14,14,14,9,9
7,7,7,1,14,14,14,7,9,9
7,7,1,1,14,14,14,14,7,7,9,9
7,9
17,7,7,14,1,14,1,0
14,7,0
14,9,7
7,14,7
7,14,9
7,14
14,7
14,7
7,14,9,1
7,14,9
7,14,7,14,0,1,9
7
7,7,14,14,1,9
7,14,9,0
14,7,9
7,14
14,7
7,7,7,14,14,9,9,1
7,14,9,11
19,14,7
14,7,9
7,14,9
7,7,14,14,9,9,7,7,9,9
7,7,7,7,7,7,14,7,9,9,9,9,9
7

7,9
14,7
7,9
7,9,1,14
7,7,14,3,19
7,1,14,9
14,7,9
14,7
14,1,9,7,10,4
7,14,1,0,9
14,7
1,14,7,0
1,1,14,14,7,7
7,14,9
1,7,14,7,9,14,9
7,14,1,4,9
14,7,9
3,14,7,9,7,7,14,1,0
9,7,1,14
4,3,9,1,14,7
1,14,7,14,14,7,9,7,7,1,9,0,14,0,1
7
7
14,7,9
7,9,1,14
7,14,9,1,0
14,7,9
14,9,7
7,14,4,0,1
14,14,9,7
7,7
14,14,7,7,9,14,7,0,9,9,17,1
13,19,7,9,9,7,14
13,19,7,9,9,7,14
14,7
7,14
14,7,9
3,14,7,10
7,14,17,1
7,3,4,7,7,7,1,14,11,7,14,9,14,13,9,1,1,0,9
7,4,14,9,0
3,7,14,9,0,10,11,1
3,1,14,7
14,7
3,1,14,7
14,14,9,7,7
7,9
4,9,7
14,7
7,7,14,14,9
7,14,0,9,1
14,7
4,7,14,9
7,14
7,14,0,9
7,14
14,7,9
14,7,9
7,14,9
7
7,14,1,10
14,7,9
1,14,7,0,4,9
19,7,3,14
7,7,7,14,0,1,9,9,1,14
3,3,7,14,7,7,14,7,0,1,14,14,7,7,9,0
14,7
3,0,14
4,7,7,14,14,1,14,7,1,9,9
3,1,14,7,9,0
14,9,7,7,1,14,13
14,9,7,2
7,14,9,17,1,0
14,7,9
7
7,14
7,14,0,9,17,10,3,1
7,7,14,9,14,9,14,7,1,14,7,7,14,9,17,9
14
7,14,9,11
3,7,7,4,14
3,0
7,11
7
14,7,1
7,14,14,7,9
7,7,7,7,7,14,14,14,14,14,14,7,1,1,0,9,9,17,0
7,14
14,7,10
7,14,9
3,14,7,7,7,1,7,14,7,7,14,14,14,7,14,1,7,14,0,9,9,17,1,17
3,7,0,1,14,9
7,7,4,7,14,9
7,14,9,0
14,9,7,1
7,3,14,1,14,7,9,7,9
7,1,14,9
7,9,14,19,1
14,14,7,7,1,9
14,7,7,4,14,7,9,14,9,1
3,7,14,7,14,9,14,14,7,9,7,7,9,9
4,7,14,9
14,9,7
7
7,14,7,0,9,1
7,14,9,7,17,1,0
14,7,1
7,14
14,9,7,7,1,14,13
14,7,0,9
3,1,14,9,7,11
7,7,14,14,17,0,9
1,14,7,9
3,7,7,14,17,9
4,7,14
14,1,14,7,7
7
7,7,14,9,0
7,9,14,11
14,7
7
3,7
7,9,14,1
14,7,9
3,0
7,9
14,7,9
7,14,9,0,3
14,9,7
7,14,14,7,0,1,9,9,3,0
14,9,7,7,1,14,13
7
7,14,14,7,14,1,0
3,1,14,9,4,7,7,7,14,10,14,7,1,10,0,9,9,0,11,0,1
10,3,7
9,7,14
14,7
14,1,9,7
14,9,7,7,1,14,13
7
14,7,9,0
7,14,0,9,1,11
3,0
7
14,7
14,7,14,9
14,7,4,0,9
7,9
14,7
14,19,1,14,7,7,9,9,1,10

14,7,14,7,7,14,14,4,7,0,9,1,9
7
14,7
7,19,14,1,14,7,9,0,1,17,9
3,1,14,7
7
1,14,14,7,7,9,9,4,13
14,7
14,9,7,7,14,9
1,14,17,7,14,7,14,7,7,14,0,1,9,1

14,7,9
7,9
3,0
7
7,14,9
1,14,9,7
14,9,7
7,7,14
3,9,7
14,7
7,7,4,14,14,0,7,14,9
14,9,7,17
3,1,14,7
14,9,7
7
14,7
7,14
7,14,1
7,9
7,0
7,9,0,7,0,14,9,7,14,14,14,7,4,1,9
7,14,9,0
3,7,9,14
14,9,7,10
4,7,14,1,9
14,7,4
14,7,1
7,1,14,14,7,0,0,9,4
7,14,0,7,7,9,14,1,9,0,9
3,7,3,1,1,14,14
14,7
3,14,0,9,7
14,14,7,7
7,1,14,1,14,14,7,7,9,9,0
7,14,0,9
3,0,7
7
7
7
7,7,14,11
7,14,1,9
7
7
14,7
3,0
14,9,7
7,0
3,1,14,7
7,14,1,0
7
7,0
7,14,9
7,3,14,0,9
7,0,14
7,1,14,9
7
7,14,1
3,9
14,7,9
7,14,0,1,9
3,3,7,7,0,1,14,14,14,7,1,7,14,19,0
7
14,1,9,7
7,7,14
14,7
3,9
3,3,9,17,7,14,9
14,7,14,7,14,7,9,9,9
7,1,14,9
3,0
7,14
3,7,7,1,14,14,9
14,7,9
7
7,7,14,9
7
14,9,7
7,14,0,1
7
7,9
7,1,14,9
3,7,9,0,1,7,14,14
7,14,1,9
7,14,0
7
7,9,0
7,0
14,7,10,1,0,9
14,7,10,1,0
3,0
7,14,0
7,14,1,9
7
14,7,14,7,1
7,7,3,7,7,7,7,7,14,14,14,9,9,1,14,9
7,14
14,7,9
7,14
3,7,0,14,1,14,7,11
7
7,14,0,1
7,14,9
7,7,14,9,14,7
7
3,0
7
1,14,7
7
7,7,14,1,14,0,9,0,1
7,14,1
7,7,14,9,17
7
7,14
7
7,14,0,9
7,0
7
7,14,9,1,10
7,14,9
14,14,7,7
3,0
3,9
7,7,7,14,14,0,14,0
3,0
3,1,14,7
14,7,9
7,14,1
7,14,1,0,11
7
7,14
14,9,7,8,19,11
14,7
7
7,1,14,9
7,14
14,9,7
14,9,7
3,0
7
7
9,7,14
3,0
7,14
7,14
7
14,7,1
7,7
14,9,7,1
7
3,1,14,7
3,9
7,14,13,0
3,0
7,1,14
3,0,14,7
7
7
7,14,4
7
7,14
7,7,14
7,14,1,9
7,14,0
7,7,14,14,0,0,9
7,14
3,19,1,14,7
7
3,0
7,14,9,11,3,1,0,10
3,9,7
3,7,0
7,7,7,14,14,10,3,9,17,14,0
14,7
3,7
7,14,0,1
3,7,7,7,9,1,14
3,3,4,0,9,7,7
3,14,1,14,7,7
7,14,0
7
7
9,7,14
7
7,14
14,7,9
7,0,10,14,9,1
14,7,9
14,7,9
7,14,1,9,0
14,7
7,14
7,14
7,14
3,0,9,7,10
14,7,9
14,7
14,7,9
7,14,1
7,14,9,10,12,1
7,14,9
14,7,1,9
7
14,7,9
7,14,13,1,10,9
7,19,14,0,4
7,7,14,14
7,7,1,14,0,1,14,9,9,0
3,15,0,7,14,9,11
7,7,1,14,0,1,14,9,9,0
7,3,7,14,9
1,9,7,14,7,14,7,7,19,9,9,14,0,14,9,1
7,1,9,7,14,7,14,14,7,9,9,14,0,0,1,1
3,7,7,14,7,14,9,7
14,9,7
14,9,7
3,7,7,7,7,9,14,14,0,14,14,17,1,3,9,9,13,0
7,7,7,14,14,9,9
3,7,0,9
3,3,7,14,7,9,7,7,14,7,14,14,7,9,9,0,9,1
14,7,1
7,7,3,1,14,14,1,14,14,7,7,9,9
14,7
3,14,14,9,7,7,11,7,9
7,7,14,9,1
7,7,7,1,14,14,14,14,7,9,9
3,1,14,7,9
7,14
7,0,11
3,14,14,9,7,7,11,7,9
14,14,0,9,9,7,7,1,11,1
3,14,7,14,9,7,14,4,7,7,11,9
7,7,7,14,14,14,9,9
7,7,7,1,14,14,14,14,7,9,0,9
7,7,7,14,14,14,9,9
14,7
14,7
3,14,7,14,9,7,14,4,7,7,11,9
14,7
14,7
4,14,7,7,14,9
14,7,0
3,14,7,14,9,7,14,4,7,7,11,9
7,14,9,7,9
14,7,9
14,9,7
3,7,7,14,14,9,10,0,0,1
7,14,14,7,1
3,0
3,0
7,14,0
14,9
7,14,0
3,7
7,14
7,14,0
1,14,7
3,9
14,7
7,14,0
7
14,7
3,0
7,14
3,1,14,7
7,14
14,7,7,1,14,7,14,9,9,1,9
1,14,7,9
7,14,1,9,0
1,14,7,9
7,14,0
7

7
7,14
7,14,7,13,9,0

7,14
3,0
7,14,0
7,14,0
7,14,0
7,14,0
7
7,9,14,17,0
14,7,0
14,7
7,7,7,7,14,14,14,1,1,14,9,0,9,9,17
7,10,3,3,7,14,14,7,19,3,14,4,9
7,9,14
4,14,7
14,9,7,10
7,7,10
14,7,9
4,14,14,7,17,7
7,14,9,17,1,0
14,7
14,7,1
7,14,0
3,3,14,14,7
7,14
7
7
7
3,0
7
7,14,1,0
7,1,14,9
7
7
7,14
3,0
14,7,0,3,19,9
14,14,7,7,9,1
7
7
4,7,3,7,3,7,7,14,7,7,7,9,9,14,14,14,14,7,7,7,0,9
7
7,7,0,14,0
7
7,14
3,0
7
7
3,0
7,7,7,14,17,14,14,9,9,0,17,1
14,14,7,7,1,9
14,7
7,14,9,0
14,7,1,0
1,14,7,9
7,7,14,14,0,9
3,7,7,14,9,7,14,1,14,15,0
3,3,7,7,7,9,13,9,14,7,0,14
7,14,9
14,1,7,9
3,7,14,7,7,14,1,9,9
3,14,7,7,14,7,14,14,4,9,7,7,14,9,9,9,0,1,17
7,1,14,7,14,7,0
3,14,7,7,14,7,14,14,4,9,7,7,14,9,9,9,0,1,17
7,14,14,9,7
3,1,14,7,14,7,9,10
3,14,7,7,14,7,14,14,4,9,7,7,14,9,9,9,0,1,17
14,7
7,14
7,14,9,14,7
3,14,1,14,7,7,9,0
3,7,14,14,7,1,14,14,7,14,7,9,9,10,9,0
3,7
3,14,1,14,14,7,7,7,9,9,0,1
3,14,7,7,7,14,14,4,7,14,9,9,9,0,1,17
3,14,7,7,7,14,14,4,7,14,9,9,9,0,1,17
7,14,1,7,9,17,0
14,9,7
7,14,9,7
7,7,14,9,9,14,11
1,14,7,9,0
14,14,7,7,1
14,14,7,7,1
14,14,7,9,1
7,1,14
7,14,14,7,14,7,9
4,14,7
14,7,0,1
7,14,1,7,9,17,0
7,7,7,7,14,14,14,1,1,14,9,0,9,9,17
7,7,7,7,14,14,14,1,1,14,9,0,9,9,17
7,7,7,7,14,14,14,1,1,14,9,0,9,9,17
4,14,7
4,14,7
7,13,9,14
7,7,7,7,14,14,14,1,1,14,9,0,9,9,17
3,7,7,7,14,14,7,14,14,9,17,9
7,14
14,7
3,7
3,7
14,7
7,7,7,7,14,14,14,1,1,14,9,0,9,9,17
4,7,14,14,10,7,9,0,9,1,0,1
7,14,14,7,14,7,9
14,4,7,14,9,7,9,1
3,14,7,0,14,7,14,7,1,14,14,7,1,9
14,7,9
3,3,14,7,4,14,7,7,7,1,14,14,14,1,9
7
7
7
7,3,14,9,9,7,7,9
7,14,9,1,0
7,7,7,7,14,14,9,9,9,14,1,17,17,9
7,1,14
7,14
7,14,1,9
7,14,14,7,14,0,7,9
7,7,7,7,14,14,14,1,1,14,9,0,9,9,17
14,14,14,14,14,14,14,14,14,14,14,7,7,7,7,7,7,7,7,7,7,7
14,14,14,14,14,14,14,14,14,14,14,7,7,7,7,7,7,7,7,7,7,7
14,14,14,14,14,14,14,14,14,14,14,7,7,7,7,7,7,7,7,7,7,7
7
7,14,0
14,1,7
14,7,9
7,9,14
7
7,14,0
7,14
